2019065623  8   26   15
2019065209  7    0    3
2019065929  8   52   18
2019065620  9    8    7
2019065104  9   31   48
2019065831  9   15    9
2019065327  9    9   39
2019065531  8   16   12
2019065304  9   16   44
2019065314  8   10   36
2019065624  8    0   29
2019065813  7   18   46
2019065529  9   12   44
2019065220  9   49   17
2019065629  9   19   31
2019065603  7   54   10
2019065107  7    7   29
2019065607  9   23   17
2019065714  9   38   47
2019065230  7   54   10
2019065123  8   12   12
2019065428  9   14   60
2019065909  9   40   48
2019065725  7   34   42
2019065223  9   31   29
2019065903  8    5   35
2019065904  7    8   58
2019065215  9   12   52
2019065512  7   13    0
2019065901  9    4   44
2019065623  9   37    4
2019065902  9   35    8
2019065505  7   41   15
2019065406  7    3   11
2019065523  9   40   21
2019065107  7   26   23
2019065223  9   47    5
2019065319  9   10   40
2019065314  7   35   56
2019065120  9   60   59
2019065922  9    5   43
2019065328  9   45   47
2019065604  7   35   44
2019065603  8   43    8
2019065507  8   48    6
2019065105  7   23   32
2019065330  9   58   10
2019065513  7   55   31
2019065931  8   11   28
2019065907  8    2   43
2019065331  9   47   15
2019065313  9   26    7
2019065824  7   13   43
2019065431  7   17   26
2019065319  8   50   12
2019065328  9   19   29
2019065626  7   29    5
2019065812  8   26   37
2019065824  7   28   11
2019065916  7   40   48
2019065620  8   22   14
2019065825  8   60   57
2019065519  8   32   35
2019065405  8   34   24
2019065516  7   17   10
2019065312  8   43    1
2019065908  9   53   58
2019065207  8   52    2
2019065321  7   45   58
2019065904  9   43    1
2019065829  7   44   54
2019065509  9   53   26
2019065122  8   35   27
2019065605  7   51   16
2019065130  9   31   10
2019065711  9   33   49
2019065517  7   10   15
2019065804  8   42   21
2019065421  7   29   60
2019065917  8   15    3
2019065831  9   45   51
2019065903  9   55    2
2019065608  9    2   18
2019065819  9    7   29
2019065829  7   21   33
2019065930  8   20   54
2019065627  9    3   26
2019065611  8   52   28
2019065231  9   31   26
2019065517  9   11   30
2019065318  9   39   27
2019065512  9   42   23
2019065203  8   38   13
2019065511  7   11   35
2019065215  8    2   60
2019065616  7   27   46
2019065806  7   10   53
2019065322  8   17   25
2019065801  9   17    1
2019065918  8    8   12
2019065515  8    3   28
2019065527  7    6   49
2019065407  7   40   54
2019065212  8   57   43
2019065413  8   10    8
2019065308  7   11   34
2019065920  8    6   11
2019065603  8   37   36
2019065716  7   56    7
2019065719  7   25   26
2019065725  8   28   60
2019065615  7   47   59
2019065722  8   20   25
2019065913  9   29   30
2019065317  7   34   12
2019065319  8   31   26
2019065306  9   27    5
2019065806  9   23   35
2019065704  9   45    2
2019065726  9   27   60
2019065402  8   45   48
2019065629  9   40   31
2019065509  7   13   14
2019065411  9   51   60
2019065410  7   24    8
2019065110  7   17   49
2019065225  9   55   39
2019065827  9   44   21
2019065126  9   41   21
2019065316  8   41   48
2019065606  9   41   32
2019065211  8   38   27
2019065818  7   38   46
2019065204  9   30   36
2019065611  8   42   16
2019065530  8   12   19
2019065914  8   29    1
2019065428  8   58   16
2019065102  8   21   39
2019065802  7   29   21
2019065717  8   58   10
2019065430  8    4   57
2019065708  9   32   33
2019065621  8   39    1
2019065630  9   51   27
2019065913  8   18   12
2019065821  7   15   53
2019065707  8   43   52
2019065909  9   42   39
2019065403  8   40   16
2019065311  7   57    4
2019065316  7   24   19
2019065114  9   16   22
2019065118  7   27   50
2019065931  9   14   28
2019065721  7   15   10
2019065921  7   45    2
2019065320  9   54   50
2019065326  8   19   19
2019065110  7   16   44
2019065114  9   18   57
2019065127  7    0   10
2019065712  8    0    3
2019065707  9   35   41
2019065702  8   41   40
2019065316  9   23   40
2019065611  7    1   52
2019065910  7   13   56
2019065822  8   20   34
2019065812  9    9   16
2019065419  9   33   47
2019065629  7   52   29
2019065128  7   38   48
2019065421  8   35   44
2019065630  8    3   29
2019065129  9   12   43
2019065527  9    4   25
2019065830  9   29   22
2019065307  9   14    8
2019065508  9   18   23
2019065525  8   50   52
2019065709  9   49   32
2019065917  7   49   59
2019065729  8   30    9
2019065718  9   38   34
2019065804  9   46   12
2019065811  9   27   51
2019065714  7   58   60
2019065408  7   50   33
2019065410  7   17    8
2019065302  9   31   23
2019065711  8   26   14
2019065806  8   34   15
2019065615  7    5   19
2019065527  9   52   15
2019065729  9   12    2
2019065526  9   34   48
2019065821  7   21   24
2019065206  7   36   15
2019065506  9   51   49
2019065110  7   56   19
2019065923  7   13   32
2019065210  7   17   59
2019065808  8   20   25
2019065618  8   44   44
2019065210  8   58   20
2019065124  7   51    4
2019065815  8   30   34
2019065426  8   10   29
2019065920  8   17   30
2019065301  7   48    7
2019065110  9   17   58
2019065330  7   37   60
2019065919  7   30   46
2019065224  8   37   19
2019065831  9   44   21
2019065109  9    2   11
2019065329  9   19   59
2019065220  8   52   11
2019065421  7   10   36
2019065927  8    4   37
2019065317  9   48   46
2019065529  8   19   30
2019065930  7   35   34
2019065121  9   45   21
2019065421  7    8   54
2019065211  7   32   58
2019065707  9   37   48
2019065521  7   23   25
2019065117  9   50   52
2019065131  8   58   10
2019065525  7   54    2
2019065226  9    0   50
2019065521  8   49    7
2019065418  9   12   43
2019065519  7   31    8
2019065409  9   31   28
2019065520  7    1   14
2019065822  8   35   29
2019065929  8   57   31
2019065114  7   57   34
2019065418  8   30   45
2019065721  8   52   30
2019065504  9   34   15
2019065730  8   22   18
2019065528  7   18   42
2019065504  8   29   46
2019065105  7   56   22
2019065721  9   15    8
2019065929  7    8   23
2019065119  9   21   19
2019065311  8   28   27
2019065408  7    2   10
2019065322  9   31   19
2019065528  7   58   35
2019065314  7   58   14
2019065519  8    5   31
2019065716  7   35   48
2019065702  9   37   19
2019065519  8   53   41
2019065631  9   44   37
2019065301  8   53   48
2019065827  8   24   53
2019065419  9   43   28
2019065629  9   10   15
2019065913  9   29   35
2019065315  8   16   53
2019065910  7   29   39
2019065420  9   32   32
2019065920  9   25   17
2019065423  7   32   23
2019065310  9   15   39
2019065821  7    9   19
2019065121  7   39   26
2019065904  7   51   46
2019065802  8   32   38
2019065921  9   26   30
2019065511  9   22   44
2019065422  8    1   22
2019065903  9   56   27
2019065206  9   54   18
2019065327  9   12   17
2019065315  8   47   19
2019065910  9    2   16
2019065227  7   57   48
2019065407  7   13   24
2019065314  7   47   16
2019065618  7   60   31
2019065203  9   16    4
2019065422  8    9    1
2019065425  8   21   40
2019065814  8   60   33
2019065803  9   17   44
2019065812  7   34   25
2019065329  9   55   36
2019065921  9   37   33
2019065121  7   46   29
2019065330  9   59   33
2019065416  7   45   48
2019065721  9   53   30
2019065131  7   57   13
2019065111  8   27   58
2019065627  7   44   48
2019065604  8   42   40
2019065622  8   33   56
2019065515  7   36   15
2019065728  7   52   37
2019065319  7   38    0
2019065720  9   32   59
2019065205  8   43    5
2019065822  8   11   42
2019065701  7   16   38
2019065913  9   37   40
2019065429  7   18   53
2019065804  8   10    2
2019065611  8   22    5
2019065327  8   55   41
2019065927  7   46   54
2019065603  9   50   12
2019065115  8   36   44
2019065716  9    8   45
2019065317  9   10   19
2019065829  8   19   35
2019065505  8   33   52
2019065101  7   11   58
2019065829  8   11   17
2019065412  7    7   39
2019065410  7   34    4
2019065211  8   44   46
2019065931  9   29   22
2019065825  9   55   26
2019065829  7   30    5
2019065713  9   42   29
2019065701  8   40   56
2019065506  7   58   45
2019065607  7   54   11
2019065203  8    4    7
2019065601  9   22   17
2019065907  8   19   35
2019065131  7   56   50
2019065414  7   21   42
2019065922  9   46   59
2019065210  8   43   51
2019065216  8   41   44
2019065711  8   26   36
2019065304  8   23   50
2019065427  7   33    3
2019065202  7   10   12
2019065611  7   31   32
2019065112  8   13   42
2019065914  9   24    6
2019065921  8   14   18
2019065716  9   57   60
2019065502  7   50   40
2019065207  7   59   54
2019065631  8   35   52
2019065420  8   53    7
2019065703  7   46   36
2019065911  8   22   17
2019065710  9   60    4
2019065416  9   49   23
2019065923  7    0   49
2019065828  7    1   37
2019065405  7   50   45
2019065225  7   21   26
2019065402  7   60    9
2019065622  7   42   17
2019065423  7   36    9
2019065518  8    2   35
2019065110  9   16   15
2019065418  8   17   54
2019065615  9    4   35
2019065806  7   36   19
2019065319  9   37   27
2019065222  8   33   52
2019065217  7   33   10
2019065405  9   37   32
2019065903  7   21   53
2019065619  8   57   57
2019065601  8    8   25
2019065502  8   30   60
2019065823  8   23   14
2019065905  7   44   14
2019065307  7   11   31
2019065330  8   15   48
2019065127  7   54   17
2019065904  7   11    2
2019065403  7   43   37
2019065316  9    5    2
2019065818  7    3   15
2019065104  9   55   21
2019065828  7   46   23
2019065201  9    7   55
2019065804  7   52   23
2019065501  8   22    9
2019065913  9   34   24
2019065828  7   37   35
2019065231  7    5    7
2019065219  7   54   18
2019065115  9   29   57
2019065707  7   11   28
2019065721  7   46   35
2019065805  8    9    8
2019065506  7   41   37
2019065730  8   43   17
2019065416  9   10    3
2019065204  8   36   44
2019065116  7   17   44
2019065712  9   45    7
2019065401  8   17   28
2019065122  7   30   18
2019065522  9   30   23
2019065318  8   20    1
2019065704  8   17    2
2019065123  7    5   52
2019065412  7   57   11
2019065203  7   33    3
2019065709  7   50   49
2019065916  8    3   44
2019065819  9   20   57
2019065402  9   29   38
2019065604  7   42   27
2019065931  7   15   60
2019065619  7   42    7
2019065603  9   45    6
2019065524  7   31   54
2019065924  8   31   47
2019065818  7   52   36
2019065803  9   27   40
2019065518  7   12   60
2019065431  7   12   34
2019065315  7    9   14
2019065213  7   13   24
2019065110  7   45   35
2019065921  9   11    2
2019065205  8    3   28
2019065516  7   24   33
2019065711  8   50   49
2019065828  9   59   23
2019065406  7   47    0
2019065826  9   38   53
2019065828  8   30   19
2019065904  9   15   34
2019065215  7   48   19
2019065407  7   59   35
2019065924  9   51   31
2019065529  8    3   29
2019065330  8   49   10
2019065712  7    9    4
2019065108  7   42   28
2019065727  8   49   56
2019065513  9   56   27
2019065914  8   42   48
2019065521  9   13    2
2019065505  8   59   54
2019065315  9   38   31
2019065504  8   12   37
2019065930  7   44   47
2019065913  9   22   19
2019065516  7   16   15
2019065322  8    6   51
2019065419  9   35   13
2019065202  7   43   37
2019065305  9   60   38
2019065622  9   26   10
2019065531  9   39    2
2019065209  9    7   14
2019065610  7   54   25
2019065213  8   42   60
2019065705  7   56   15
2019065209  9   13   41
2019065125  8   52   33
2019065517  7   28    6
2019065209  9   20    4
2019065210  8   31    2
2019065721  9    8   38
2019065407  7   30    3
2019065904  8   40   22
2019065812  7   32    2
2019065805  9   50   53
2019065218  7    7   60
2019065914  7    4   22
2019065604  9   18   33
2019065816  8   55   22
2019065219  8   48    6
2019065112  7    3   23
2019065102  9   24   53
2019065229  9   36   57
2019065825  7    9   39
2019065717  9   54   40
2019065420  8   42   52
2019065129  9   51   37
2019065322  9   18   48
2019065605  7   22    6
2019065602  7   14   18
2019065714  8   18   34
2019065401  9   16   40
2019065506  8   41   26
2019065724  7   60    8
2019065714  7   32   35
2019065330  7   14   40
2019065903  9   58   35
2019065421  8   57   11
2019065229  8   19   32
2019065527  8   25   37
2019065813  9   38   26
2019065510  7    7    2
2019065915  8   47   17
2019065211  8   26   43
2019065127  7   59   19
2019065826  8   15   44
2019065417  8    9   30
2019065124  9   10   36
2019065503  8   28   22
2019065226  8   59    4
2019065219  7   40   14
2019065609  8   49   36
2019065616  7   50   21
2019065129  8    5   32
2019065224  8   30   42
2019065204  8   31    9
2019065104  7   13   43
2019065922  8   56   16
2019065216  9   60   39
2019065427  8   44   46
2019065212  7   20   56
2019065504  9   31   12
2019065419  7   30   24
2019065418  8   25   59
2019065230  8   10   32
2019065312  8   21   14
2019065211  8   59   27
2019065111  8   27   33
2019065914  9   33   28
2019065711  7   29   40
2019065921  8    4   54
2019065714  8   26   37
2019065605  7   49   21
2019065420  9   34   22
2019065928  9   52   55
2019065614  8   35    1
2019065420  7   30   53
2019065902  8   39   31
2019065504  9   41   26
2019065808  7    6    7
2019065905  9   54   58
2019065401  9    1   28
2019065613  8   17   41
2019065902  8   46    3
2019065715  9   16   17
2019065708  8   43   32
2019065204  9   55   34
2019065612  8   54   26
2019065728  9   44   18
2019065315  8   25   40
2019065525  8   15   11
2019065828  8   38   13
2019065820  8   14    9
2019065720  9   43   29
2019065912  9   57   46
2019065726  7   56   14
2019065304  7   58   48
2019065930  7   46    0
2019065220  7   28   54
2019065715  8   34   29
2019065124  8   60    5
2019065126  7   39   34
2019065311  7   60   34
2019065906  9   17   32
2019065204  9    7   21
2019065711  9   60   34
2019065902  8   19   13
2019065128  9   53   42
2019065712  9   55   48
2019065725  9    4    7
2019065209  8   27   16
2019065620  9   14   37
2019065506  9   60   59
2019065707  8   29    3
2019065818  9   50   39
2019065904  7    2   11
2019065925  7   27   22
2019065513  9   38   19
2019065723  8   32    4
2019065903  8   45   53
2019065623  8   45   16
2019065806  7   36   27
2019065506  7    7   16
2019065602  7   17   44
2019065611  9   34   23
2019065725  8   42   48
2019065425  9   10   36
2019065316  7   14   52
2019065101  9   30   59
2019065625  7   46   17
2019065230  9    1   20
2019065531  7   33   37
2019065923  9   40   58
2019065315  7   57   18
2019065126  9   14   53
2019065108  7   19   54
2019065314  8   18   11
2019065701  9   42    7
2019065425  9   60   26
2019065501  7   31   31
2019065406  8   23   53
2019065529  8   58   35
2019065525  9    3   46
2019065925  7   55   59
2019065413  8   24   52
2019065219  7    4    9
2019065517  9   28   18
2019065320  7    3   44
2019065909  7   11   46
2019065126  8   52   28
2019065319  9   29   54
2019065803  8    5   27
2019065106  8   35   31
2019065324  7   21   36
2019065204  9   49   60
2019065418  9   42   40
2019065508  7   45   54
2019065401  8   27   59
2019065114  7   37   28
2019065520  8   35   14
2019065225  8    3   42
2019065625  9   44   35
2019065121  9   37   42
2019065113  8   12    1
2019065405  7   20   36
2019065324  7   57   14
2019065611  8   60   21
2019065206  9    1   12
2019065501  7   54    5
2019065124  7   51   15
2019065230  9   51   27
2019065626  9   33   26
2019065809  7   30   42
2019065708  7   59   28
2019065729  7   24   16
2019065430  7   40    9
2019065926  7   41   38
2019065723  9   30   20
2019065124  7   45   21
2019065515  8    0   47
2019065424  9   13   39
2019065801  8   46   55
2019065604  8   54   10
2019065317  8   47   27
2019065615  7   39    0
2019065719  9   44   22
2019065627  8   51   58
2019065310  9   32    1
2019065404  7   43   17
2019065818  9    1   32
2019065306  7    3   43
2019065617  9    9   24
2019065205  8   35   43
2019065910  8   20   46
2019065606  8    6    7
2019065830  7   57   58
2019065829  8   50   39
2019065705  9   31   49
2019065216  9   28    2
2019065423  9    8   37
2019065911  7    3   27
2019065610  7   54   31
2019065107  8   25   36
2019065704  8   12   44
2019065602  8   16   14
2019065421  8   33   18
2019065809  7   46   57
2019065816  8   47   30
2019065428  8   44   43
2019065326  9   37   35
2019065419  9   42   34
2019065406  8    0   45
2019065710  8   16   41
2019065516  8   57    4
2019065206  8   22   59
2019065226  8   35    6
2019065811  9   53   28
2019065518  7   48   37
2019065517  7   58   49
2019065301  8   12   52
2019065426  7   38   11
2019065830  9   32   12
2019065310  8   14    6
2019065728  8   49   42
2019065514  8   25   58
2019065210  8   58   42
2019065425  9    9   17
2019065921  9   16    8
2019065907  9   60   27
2019065308  8    2   54
2019065714  9   42   13
2019065126  8   47   57
2019065220  9   28   38
2019065224  8    8   50
2019065808  9   23    2
2019065717  9    6   37
2019065401  8   12    0
2019065702  9   31   45
2019065627  9   55   54
2019065806  8   33   38
2019065127  9   57   17
2019065618  9   26    8
2019065807  7    6   13
2019065910  7   29   29
2019065703  8   31   40
2019065125  9   17    9
2019065201  8   44   60
2019065719  8   56   22
2019065414  7   60   51
2019065905  7   55    8
2019065309  7   45   34
2019065906  9    5    4
2019065619  9   25    9
2019065418  9    0   20
2019065120  7   60   45
2019065813  9   17   25
2019065822  9   36   60
2019065308  8   48   28
2019065621  9   40   25
2019065212  8   22   15
2019065510  7    8   49
2019065519  9   33   47
2019065517  9   37   50
2019065929  7   24   25
2019065421  8   33   11
2019065329  8   13   25
2019065119  8   19   38
2019065515  7   37   38
2019065526  8   35   12
2019065612  7    6   60
2019065604  8    9   41
2019065902  8   17   48
2019065319  9    9   36
2019065504  9   29   26
2019065725  9   32   27
2019065830  8   57   51
2019065217  9   10   16
2019065116  9   37   53
2019065408  8   48    3
2019065426  9    9   35
2019065624  8    0    1
2019065811  8   46   48
2019065401  9   48   37
2019065603  9   24    9
2019065221  8   21   38
2019065125  7   35   23
2019065106  8   45   31
2019065411  7   59   43
2019065922  7    8   58
2019065804  9   50   37
2019065727  7   60   15
2019065721  8   47   47
2019065320  7   23    3
2019065723  8   47    2
2019065720  8   55    4
2019065517  7   40   18
2019065130  9   25   19
2019065431  9    3   53
2019065521  9   34   18
2019065202  9   21   18
2019065813  9   44   18
2019065219  9    8   34
2019065127  8   59    8
2019065811  8   52   53
2019065619  7   12    8
2019065612  8   17   40
2019065911  9   26   57
2019065705  7   56   19
2019065804  9   40   50
2019065406  7   23   20
2019065801  7   33   15
2019065723  7   16   58
2019065607  7   16    7
2019065221  8    5   15
2019065821  7   12   44
2019065824  9   44   30
2019065115  9   18   31
2019065507  8   27   22
2019065819  8   11   23
2019065204  8   53   50
2019065123  9   31   32
2019065414  9   17   46
2019065314  7   45   26
2019065829  7   26    3
2019065924  7   29   59
2019065310  9   21    3
2019065902  7   25   37
2019065619  9   17    7
2019065321  8   49   56
2019065922  8   38   42
2019065325  7   25   19
2019065708  8    5   26
2019065924  7   39   41
2019065924  9   22   31
2019065210  9   23   24
2019065522  8   31   47
2019065403  9   12    8
2019065315  7   11   28
2019065527  9   14   47
2019065721  9   20    1
2019065315  9   31   47
2019065416  8   47   17
2019065822  7   14   49
2019065228  8    0    7
2019065710  9   45   11
2019065904  8   45   15
2019065302  7   37   31
2019065504  8   50   29
2019065518  9    7   14
2019065310  7   53   47
2019065424  7   49   47
2019065613  7   41   10
2019065427  9   50   30
2019065609  7   28   51
2019065908  8   19    6
2019065209  8   39   11
2019065215  8   41   26
2019065601  9   60   12
2019065215  8    2    5
2019065408  9   41   27
2019065118  9   17   59
2019065415  7    2   19
2019065409  7   14   19
2019065824  8   34   49
2019065401  7    8   57
2019065828  8   15    4
2019065606  9   43   34
2019065930  8   43   30
2019065228  8    4   18
2019065211  9   40    6
2019065404  7   27   11
2019065502  9    6   23
2019065614  9   14   27
2019065506  8   26   41
2019065907  8   31   34
2019065903  8   58   55
2019065802  7   23    9
2019065110  8    3   10
2019065727  8   48   30
2019065621  9   14   21
2019065722  8   10   41
2019065820  8   53   32
2019065201  8   50   48
2019065910  7   23   26
2019065420  9   41   54
2019065606  9   33   59
2019065405  8   50   49
2019065123  9   54   14
2019065121  7   59   60
2019065715  8   54   24
2019065727  7   56   42
2019065929  8   17   51
2019065503  7   51   33
2019065904  7    2   33
2019065209  9    2   50
2019065606  9   57   44
2019065815  7   53   16
2019065431  8   52   21
2019065216  8   39   28
2019065307  9    3   12
2019065216  8   24   48
2019065409  8   24   23
2019065730  8   10   28
2019065720  8   44   60
2019065501  7   59   27
2019065225  8   17   49
2019065927  7    8   30
2019065511  7   46    4
2019065710  7   17    1
2019065912  9   14   13
2019065222  9   16   42
2019065328  8   56   23
2019065924  9   26   26
2019065424  9   53   47
2019065605  8   24    4
2019065701  7    4   20
2019065816  7   37   38
2019065810  7    2   48
2019065725  7   31   55
2019065429  7    3   48
2019065313  8    6   19
2019065713  8   54   17
2019065127  7   53   39
2019065510  7   45   44
2019065312  9   10   59
2019065629  7    5   55
2019065825  9   52   14
2019065223  7   21   14
2019065219  7   42   18
2019065408  7   49    4
2019065522  9   36   48
2019065129  7   25    9
2019065201  7   35    8
2019065306  9   44   58
2019065131  7   26   49
